# theta(rad)  N(theta)  |N(theta)|
0.000000  1.00000000  1.00000000
0.015708  0.99987663  0.99987663
0.031416  0.99950656  0.99950656
0.047124  0.99888987  0.99888987
0.062832  0.99802673  0.99802673
0.078540  0.99691733  0.99691733
0.094248  0.99556196  0.99556196
0.109956  0.99396096  0.99396096
0.125664  0.99211470  0.99211470
0.141372  0.99002366  0.99002366
0.157080  0.98768834  0.98768834
0.172788  0.98510933  0.98510933
0.188496  0.98228725  0.98228725
0.204204  0.97922281  0.97922281
0.219911  0.97591676  0.97591676
0.235619  0.97236992  0.97236992
0.251327  0.96858316  0.96858316
0.267035  0.96455742  0.96455742
0.282743  0.96029369  0.96029369
0.298451  0.95579301  0.95579301
0.314159  0.95105652  0.95105652
0.329867  0.94608536  0.94608536
0.345575  0.94088077  0.94088077
0.361283  0.93544403  0.93544403
0.376991  0.92977649  0.92977649
0.392699  0.92387953  0.92387953
0.408407  0.91775463  0.91775463
0.424115  0.91140328  0.91140328
0.439823  0.90482705  0.90482705
0.455531  0.89802758  0.89802758
0.471239  0.89100652  0.89100652
0.486947  0.88376563  0.88376563
0.502655  0.87630668  0.87630668
0.518363  0.86863151  0.86863151
0.534071  0.86074203  0.86074203
0.549779  0.85264016  0.85264016
0.565487  0.84432793  0.84432793
0.581195  0.83580736  0.83580736
0.596903  0.82708057  0.82708057
0.612611  0.81814972  0.81814972
0.628319  0.80901699  0.80901699
0.644026  0.79968466  0.79968466
0.659734  0.79015501  0.79015501
0.675442  0.78043041  0.78043041
0.691150  0.77051324  0.77051324
0.706858  0.76040597  0.76040597
0.722566  0.75011107  0.75011107
0.738274  0.73963109  0.73963109
0.753982  0.72896863  0.72896863
0.769690  0.71812630  0.71812630
0.785398  0.70710678  0.70710678
0.801106  0.69591280  0.69591280
0.816814  0.68454711  0.68454711
0.832522  0.67301251  0.67301251
0.848230  0.66131187  0.66131187
0.863938  0.64944805  0.64944805
0.879646  0.63742399  0.63742399
0.895354  0.62524266  0.62524266
0.911062  0.61290705  0.61290705
0.926770  0.60042023  0.60042023
0.942478  0.58778525  0.58778525
0.958186  0.57500525  0.57500525
0.973894  0.56208338  0.56208338
0.989602  0.54902282  0.54902282
1.005310  0.53582679  0.53582679
1.021018  0.52249856  0.52249856
1.036726  0.50904142  0.50904142
1.052434  0.49545867  0.49545867
1.068142  0.48175367  0.48175367
1.083849  0.46792981  0.46792981
1.099557  0.45399050  0.45399050
1.115265  0.43993917  0.43993917
1.130973  0.42577929  0.42577929
1.146681  0.41151436  0.41151436
1.162389  0.39714789  0.39714789
1.178097  0.38268343  0.38268343
1.193805  0.36812455  0.36812455
1.209513  0.35347484  0.35347484
1.225221  0.33873792  0.33873792
1.240929  0.32391742  0.32391742
1.256637  0.30901699  0.30901699
1.272345  0.29404033  0.29404033
1.288053  0.27899111  0.27899111
1.303761  0.26387305  0.26387305
1.319469  0.24868989  0.24868989
1.335177  0.23344536  0.23344536
1.350885  0.21814324  0.21814324
1.366593  0.20278730  0.20278730
1.382301  0.18738131  0.18738131
1.398009  0.17192910  0.17192910
1.413717  0.15643447  0.15643447
1.429425  0.14090123  0.14090123
1.445133  0.12533323  0.12533323
1.460841  0.10973431  0.10973431
1.476549  0.09410831  0.09410831
1.492257  0.07845910  0.07845910
1.507964  0.06279052  0.06279052
1.523672  0.04710645  0.04710645
1.539380  0.03141076  0.03141076
1.555088  0.01570732  0.01570732
1.570796  0.00000000  0.00000000
1.586504  -0.01570732  0.01570732
1.602212  -0.03141076  0.03141076
1.617920  -0.04710645  0.04710645
1.633628  -0.06279052  0.06279052
1.649336  -0.07845910  0.07845910
1.665044  -0.09410831  0.09410831
1.680752  -0.10973431  0.10973431
1.696460  -0.12533323  0.12533323
1.712168  -0.14090123  0.14090123
1.727876  -0.15643447  0.15643447
1.743584  -0.17192910  0.17192910
1.759292  -0.18738131  0.18738131
1.775000  -0.20278730  0.20278730
1.790708  -0.21814324  0.21814324
1.806416  -0.23344536  0.23344536
1.822124  -0.24868989  0.24868989
1.837832  -0.26387305  0.26387305
1.853540  -0.27899111  0.27899111
1.869248  -0.29404033  0.29404033
1.884956  -0.30901699  0.30901699
1.900664  -0.32391742  0.32391742
1.916372  -0.33873792  0.33873792
1.932079  -0.35347484  0.35347484
1.947787  -0.36812455  0.36812455
1.963495  -0.38268343  0.38268343
1.979203  -0.39714789  0.39714789
1.994911  -0.41151436  0.41151436
2.010619  -0.42577929  0.42577929
2.026327  -0.43993917  0.43993917
2.042035  -0.45399050  0.45399050
2.057743  -0.46792981  0.46792981
2.073451  -0.48175367  0.48175367
2.089159  -0.49545867  0.49545867
2.104867  -0.50904142  0.50904142
2.120575  -0.52249856  0.52249856
2.136283  -0.53582679  0.53582679
2.151991  -0.54902282  0.54902282
2.167699  -0.56208338  0.56208338
2.183407  -0.57500525  0.57500525
2.199115  -0.58778525  0.58778525
2.214823  -0.60042023  0.60042023
2.230531  -0.61290705  0.61290705
2.246239  -0.62524266  0.62524266
2.261947  -0.63742399  0.63742399
2.277655  -0.64944805  0.64944805
2.293363  -0.66131187  0.66131187
2.309071  -0.67301251  0.67301251
2.324779  -0.68454711  0.68454711
2.340487  -0.69591280  0.69591280
2.356194  -0.70710678  0.70710678
2.371902  -0.71812630  0.71812630
2.387610  -0.72896863  0.72896863
2.403318  -0.73963109  0.73963109
2.419026  -0.75011107  0.75011107
2.434734  -0.76040597  0.76040597
2.450442  -0.77051324  0.77051324
2.466150  -0.78043041  0.78043041
2.481858  -0.79015501  0.79015501
2.497566  -0.79968466  0.79968466
2.513274  -0.80901699  0.80901699
2.528982  -0.81814972  0.81814972
2.544690  -0.82708057  0.82708057
2.560398  -0.83580736  0.83580736
2.576106  -0.84432793  0.84432793
2.591814  -0.85264016  0.85264016
2.607522  -0.86074203  0.86074203
2.623230  -0.86863151  0.86863151
2.638938  -0.87630668  0.87630668
2.654646  -0.88376563  0.88376563
2.670354  -0.89100652  0.89100652
2.686062  -0.89802758  0.89802758
2.701770  -0.90482705  0.90482705
2.717478  -0.91140328  0.91140328
2.733186  -0.91775463  0.91775463
2.748894  -0.92387953  0.92387953
2.764602  -0.92977649  0.92977649
2.780309  -0.93544403  0.93544403
2.796017  -0.94088077  0.94088077
2.811725  -0.94608536  0.94608536
2.827433  -0.95105652  0.95105652
2.843141  -0.95579301  0.95579301
2.858849  -0.96029369  0.96029369
2.874557  -0.96455742  0.96455742
2.890265  -0.96858316  0.96858316
2.905973  -0.97236992  0.97236992
2.921681  -0.97591676  0.97591676
2.937389  -0.97922281  0.97922281
2.953097  -0.98228725  0.98228725
2.968805  -0.98510933  0.98510933
2.984513  -0.98768834  0.98768834
3.000221  -0.99002366  0.99002366
3.015929  -0.99211470  0.99211470
3.031637  -0.99396096  0.99396096
3.047345  -0.99556196  0.99556196
3.063053  -0.99691733  0.99691733
3.078761  -0.99802673  0.99802673
3.094469  -0.99888987  0.99888987
3.110177  -0.99950656  0.99950656
3.125885  -0.99987663  0.99987663
3.141593  -1.00000000  1.00000000
